81742
23820
23821
23822
23353
23354
23355
23356
23823
23358
23359
23360
23361
23824
23825
23364
23827
23367
23368
23369
23370
23829
23372
23373
23374
23375
23376
23377
23378
23830
23380
23381
23382
23383
23384
23385
23386
23387
23831
23389
23390
23391
23392
23393
23394
23395
23396
23397
23832
23399
23400
23401
23402
23833
23404
23405
23407
23409
23410
23411
23412
23413
23414
23415
23416
23417
23418
23419
23420
23421
23422
23423
23834
23426
23427
23428
23429
23431
23432
23433
23435
23436
23437
23438
23439
23440
23441
23442
23443
23837
23838
23445
23446
23447
23448
23449
23450
23451
23452
23453
23454
23455
23456
23457
23458
23459
23460
23840
23841
23842
23465
23466
23467
23468
23470
23471
23472
23474
23475
23477
23478
23480
23481
23482
23483
23484
23485
23486
23487
23489
23490
23491
23492
23493
23495
23496
23497
23498
23499
23843
23503
23504
23506
23507
23508
23509
23510
23511
23844
23513
23514
23515
23845
23517
23518
23519
23520
23522
23523
23524
23525
23526
23527
23846
23529
23530
23531
23532
23533
23534
23535
23536
23537
23847
23848
23538
23539
23540
23541
23542
23543
23544
23545
23546
23547
23849
23549
23550
23551
23552
23553
23554
23555
23556
23557
23558
23559
23560
23561
23562
23563
23564
23565
23566
23567
23568
23569
23850
23571
23573
23574
23575
23577
23578
23579
23580
23581
23583
23584
23585
23586
23587
23588
23589
23590
23591
23592
23852
23853
23595
23596
23597
23598
23599
23600
23601
23602
23603
23604
23605
23606
23607
23608
23609
23610
23611
23612
23613
23614
23615
23616
23617
23618
23619
23620
23621
23622
23623
23624
23625
23626
23627
23628
23629
23630
23631
23854
23855
23632
23633
23634
23636
23637
23638
23639
23640
23641
23642
23643
23644
23645
23646
23647
23648
23649
23650
23651
23652
23653
23654
23656
23657
23658
23659
23660
23856
23662
23857
23664
23666
23669
23670
23672
23673
23674
23675
23677
23678
23679
23680
23681
23858
23684
23685
23686
23687
23688
23689
23690
23691
23694
23695
23696
23697
23698
23699
23700
23701
23702
23703
23704
23705
23706
23859
23709
23710
23711
23712
23714
23715
23716
23717
23718
23719
23720
23721
23722
23723
23724
23725
23861
23727
23730
23731
23732
23862
23734
23735
23736
23737
23738
23739
23740
23743
23745
23746
23747
23748
23749
23751
23752
23754
23755
23756
23757
23758
23759
23760
23762
23763
23765
23766
23767
23768
23769
23770
23771
23772
23773
23774
23775
23776
23777
23778
23779
23780
23781
23783
23784
23785
23786
23787
23788
23789
23790
23791
23792
23794
23795
23796
23797
23799
23800
23801
23802
23803
23805
23806
23807
23808
23809
23810
23811
23812
23813
23814
23863
23816
23817
23818
23819
23864
23865
23876
23877
23878
23879
23866
23882
23884
23885
23886
23888
23894
23897
23898
23899
23903
23904
23905
23909
23911
23867
23918
23919
23920
23921
23924
23926
23929
23931
23934
23936
23938
23940
23941
23946
23868
23870
23871
2387330217
67616
71510
67618
24644
24645
11345
20099
11346
20103
70979
71007
71025
70815
70841
70880
70912
71006
71039
70823
70776
71033
70960
70953
70986
71010
71034
71058
71001
70993
71043
70980
71032
71000
71022
71053
71074
71072
71064
71079
71078
71075
70856
70792
70801
70817
70831
70778
70786
70826
70866
70787
70795
70838
70830
70843
70851
70788
70804
70861
70852
70870
70934
70950
70871
70879
70903
70872
70888
70937
70874
70906
70922
70930
70875
70883
70939
70884
40970
44696
27980
44700
44699
44704
71059
70833
71016
71012
71047
70957
71076
70955
70827
70842
70859
70873
70970
71041
70974
71084
70845
70839
70820
70887
70895
71057
70994
71002
71009
71019
71051
70972
70977
71008
70992
70976
70968
70990
71005
70989
70981
71081
71073
71080
71087
71091
70832
70793
70784
70825
70865
70807
70791
70802
70810
70818
70862
70846
70811
70814
70806
70798
70790
70828
70813
70805
70797
70789
70885
70893
70917
70933
70886
70894
70902
70951
70904
70928
70936
70905
70913
70890
70954
70907
70931
70892
44697
44705
44698
44702
27981
70941
70962
70915
71060
71017
71004
70782
70920
70834
70829
70837
71023
70800
70914
70944
70947
70899
70927
70847
70850
70869
70978
71050
71040
71015
70975
70967
71038
71014
70982
71045
70965
71062
71067
71085
70816
70785
70863
70783
70775
70854
70803
70822
70835
70867
70796
70836
70821
70773
70877
70925
70919
70896
70889
70929
70882
70876
70900
70908
70924
24179
71021
67344
70996
71088
71083
70878
71048
67346
71086
71089
70848
70849
70857
70858
71052
71026
71027
71024
71031
70999
71037
70997
70860
71063
71070
71077
71069
70808
70824
70840
70777
70855
70794
70779
70853
70910
70926
47539
67139
67345
70956
70987
70998
71044
70984
70991
71046
71013
71082
71066
70864
70942
70943
70940
67347
30217
48942
67334
48943
67314
71090
48955
67308
67332
67320
67310
67333
67319
67321
67306
67322
67330
67318
67312
67326
67327
67328
67331
67342
67307
67309
67315
31165
67672
70923
67343
67316
67335
67329
67341
67317
67340
71003
71030
70918
70911
70959
70891
67323
67324
67325
67338
67339
67311
49011
22467
71056
70809
70819
67336
67337
62180
62181
62117
62119
70961
62120
62116
70971
70985
62118
40116
29636
41949
23222
70969
71071
31736
40122
34527
31745
41034
31737
24176
31743
51621
31742
39666
34370
31740
31735
31734
34433
24175
34447
39684
39722
39591
39725
34479
24906
24904
34294
34328
24905
24907
39748
39671
34254
39620
34289
39738
24909
44706
39668
39614
39743
39687
39731
39686
39661
39626
39625
39613
39755
39754
39697
39596
39716
39610
39655
39619
39759
39746
39732
39727
39702
39700
39694
39664
39658
39623
39621
39616
39730
39728
39717
39689
39678
39663
39659
39657
39712
39656
39651
39594
39641
39753
39752
39721
39710
39693
39692
39690
39718
39682
39680
39675
39672
39636
39633
39627
39608
39606
39605
39603
39602
39601
39600
39599
39597
39595
39583
39586
39582
39580
39573
39570
39566
39562
39561
39560
39559
34498
34499
34500
34504
34506
34507
34515
34518
34519
34521
34522
34526
34528
34529
34531
34532
34533
34534
34535
34536
34539
34540
34541
34545
34546
34547
34548
34398
34399
34403
34404
34407
34410
34411
34413
34414
34415
34417
34419
34425
34428
34429
34430
34435
34439
34442
34448
34458
34461
34464
34465
34467
34468
34480
34481
34482
34486
34488
34489
34491
34493
34342
34343
34346
34347
34349
34350
34351
34358
34359
34360
34369
34371
34372
34373
34375
34376
34378
34379
34380
34382
34384
34387
34389
34390
34392
34393
34396
34397
34278
34279
34283
34285
34288
34290
34292
34299
34303
34305
34307
34308
34309
34311
34313
34314
34315
34321
34322
34323
34325
34327
34332
34339
34268
34271
34190
34192
34193
34196
34202
34204
34205
34211
34214
34217
34218
34222
34223
34226
34227
34230
34233
34234
34239
34244
34245
34248
34250
34253
34255
34258
34263
34264
34265
34166
34167
34169
34170
34171
34173
34176
34177
31741
70901
31733
34377
48952
34203
34538
31744
34517
48954
34272
39749
34426
34495
39704
34224
34469
34297
39745
34383
39726
34514
39644
39568
39612
34333
39709
34444
62872
39574
39648
34388
39691
39647
34509
34300
34319
34269
34247
34249
34496
34502
39751
39699
24908
40121
39734
39701
39698
39592
39624
39615
39740
39707
39708
39685
39631
39564
39634
39665
39715
39588
39581
39643
39642
39637
39720
39565
39677
39676
39667
39649
39635
39617
39604
39579
39575
39567
34503
34510
34525
34530
34542
34406
34412
34418
34434
34440
34451
34452
34470
34483
34484
34487
34490
34492
34344
34348
34357
34366
34374
34385
34275
34276
34277
34280
34281
34282
34284
34295
34296
34298
34301
34302
34306
34310
34324
34326
34329
34330
34331
34341
34273
34189
34194
34195
34207
34208
34209
34210
34219
34237
34246
34251
34256
34261
34267
34168
34179
34180
34184
34185
58562
39585
47053
40123
47057
34436
43916
34391
24283
39705
34463
34424
39729
34201
34287
34367
39630
39723
39713
34266
34459
34225
34494
39679
39622
34501
34505
34516
34420
34472
34304
34337
34229
34242
39645
34365
39589
34252
34187
39757
40119
39724
39660
39695
40137
40120
39593
39638
39736
39683
39670
39669
39640
39607
39598
39587
39569
39578
34508
34512
34524
34544
34427
34431
34432
34352
34395
34291
34316
34338
34198
34200
34220
34260
60532
34905
34206
31728
39590
48973
48992
48987
48258
39706
48255
34274
48256
48982
48257
48979
48986
48953
34213
48977
48985
34312
39646
34896
39719
39609
34354
39741
34401
39756
34466
34523
34394
39673
39742
39572
39571
34450
39750
40141
40144
40142
40139
39737
40146
40140
39703
39681
34904
34513
34362
34381
34386
34317
34334
53518
50436
47806
39841
24749
34181
34405
61216
39618
60537
60538
34320
34257
39696
34235
60533
60534
60535
60536
60539
39739
34511
34421
34318
34191
34199
34221
34178
34186
24733
24737
24738
28146
69798
58560
44662
44463
58561
50437
21689
15827
45698
34898
15302
18859
45705
45707
45712
60540
45713
24587
34455
24589
34423
34903
39711
34899
34894
45701
34895
45716
34353
45708
45700
24732
34182
45715
45702
45706
34361
39639
34228
34172
45710
45709
45703
34216
24734
24736
45704
39735
34416
34445
34446
34356
34212
34174
24735
24739
53488
53486
28147
28148
24127
44464
65866
40230
29409
65869
29414
69770
24126
44735
29419
29413
65867
29418
29404
29403
29407
65881
65883
29415
29417
29406
29412
27623
21688
39584
27624
60541
27625
60542
39632
39611
34520
39563
34215
34183
53509
40219
21201
69791
65880
65879
65882
21192
29755
21196
40220
40229
40226
40225
40223
40228
65864
65886
40221
31202
34485
39744
39688
34402
34188
40222
40227
65885
52251
40224
19413
53473
29399
29398
29400
59200
52239
59240
59266
59245
59237
59252
59236
59453
59454
59235
59232
59247
59268
59229
59259
59230
59239
59242
59244
59264
52252
52253
52236
31201
59456
52248
59282
59288
59263
44834
59257
59238
59281
44833
29397
65971
65865
59234
59273
59261
59276
59277
59286
59231
59253
59270
59260
59251
59254
59455
59249
59283
59271
59267
59285
59228
59275
59243
59246
59250
59255
59258
59262
59265
59269
59272
59280
59287
59227
44835
31750
52245
69796
26034
52240
52241
65884
52238
52237
31200
41950
52243
52244
26362
41091
41951
52250
59451
65765
65758
15788
35637
37444
15787
65760
22586
65759
22604
15786
15800
11481
20139
38309
41092
42571
20144
15801
65766
38310
18088
31753
31754
37495
65764
40074
25817
22581
15798
15781
15779
28002
51282
15794
37631
15790
15808
19414
19410
15810
15797
52234
61700
27998
37448
28000
52235
28001
67045
31755
52231
52233
67697
40193
40088
22296
37450
40089
40075
20024
23873
18674
45443
67132
23050
39853
71290
28005
67124
32931
49776
27699
67109
23051
27999
37445
23052
67069
67052
61701
37447
36925
67129
67074
53466
53514
15688
31757
67706
53498
53513
67114
46014
37446
67097
37449
23055
46016
53516
23054
67103
40194
61866
67088
53499
53502
53501
53500
53506
53517
53503
53512
53504
46015
40836
67073
53494
53475
40837
40848
66936
67472
67473
32928
26023
26379
20745
61230
27700
51959
19411
32930
19412
53850
25081
32970
32926
18730
36438
25082
67128
50023
66937
11592
53861
19870
67064
31224
13988
36437
25084
67113
36441
67130
67131
67062
67115
67048
67082
67060
67388
67099
25083
67087
53814
20135
40834
31756
26378
53932
40833
53944
40832
67081
67058
53797
53921
67063
67133
51993
58383
47765
47767
36926
67123
67083
67084
67047
53542
40843
47771
47768
47766
67112
67117
67134
67695
67389
53846
53845
53816
53801
53950
53899
53912
53954
58382
58381
47769
40842
40841
40840
40839
40838
40851
40850
40849
40847
40846
40845
40844
37783
37753
37056
34457
67093
67376
24874
35632
67368
67409
67451
37604
40873
67410
45029
61651
35045
32929
61652
32925
37601
67066
37602
67055
44832
53956
40871
46321
48081
24826
40870
67053
67367
67071
67054
26024
37605
61650
37603
36127
67100
50026
36130
36128
36126
36124
36134
36439
36132
31746
67067
36440
67431
53790
43905
67056
37140
37690
37741
53889
40830
61829
31752
51991
67430
37708
53508
53495
21520
67110
21519
61865
40191
61655
21517
37737
59052
44828
37727
37728
67379
58444
67452
40196
67086
50024
21521
53484
67075
58722
58455
40195
37743
37735
37736
36137
40192
67079
67051
67381
67382
67370
67371
67373
67375
53837
53835
53828
53947
53895
53918
53470
53469
53471
53505
53487
53480
53479
53483
43901
43904
43902
46017
37744
37745
37725
37748
37788
37787
37786
37785
37784
37776
37774
37729
37724
37723
37750
37770
37779
37686
37685
37684
36133
36131
36125
36135
21524
21525
21526
21527
21522
67651
26377
67061
35021
35137
35022
53910
50546
44152
67467
53885
16170
32927
67050
67402
67080
48956
46325
67349
61231
44824
47552
11591
224497
224495
224496
224498
224499
224500
224501
224534
177350
177351
177352
177353
177357
177349
177355
177356
177358
177347
177348
177354
218058
218059
218060
218062
218063
218076
218026
218033
218024
218053
218052
218054
218051
218050
218055
218057
218056
218066
218047
218048
218030
218070
218064
218032
218046
218045
218042
218027
218029
218044
218041
218043
218071
218040
218065
218068
218023
218036
218025
218049
218039
218038
218037
218035
211783
168768
168753
168754
168755
168757
168759
168760
168764
168765
168766
168767
168737
168740
168742
168744
168745
168746
168747
168748
168750
168751
168720
168721
168723
168724
168725
168726
168727
168728
168730
168733
168734
168735
168705
168708
168710
168711
168712
168713
168715
168716
168718
168689
168691
168693
168694
168695
168697
168699
168700
168702
168703
168673
168675
168678
168679
168680
168682
168683
168685
168686
168688
168660
168661
168662
168664
168667
168668
168669
168670
168671
168672
168643
168644
168645
168646
168647
168649
168650
168651
168653
168654
168655
168656
168657
168626
168627
168629
168632
168633
168634
168635
168636
168637
168639
168611
168612
168613
168614
168615
168616
168618
168619
168620
168621
168622
168623
168624
168593
168600
168601
168602
168607
168610
168588
168590
168591
168592
168577
168583
168584
168565
168566
168573
168574
168540
168525
168526
168529
168530
168531
168535
168536
168537
168538
168539
168520
168523
168524
88740
88744
88753
88761
88779
88783
88787
88684
88688
88703
88704
88707
88708
88710
88712
88649
88654
88492
88504
88508
88532
88561
88568
88574
88593
88594
88612
88615
88642
88644
88467
88470
88474
88480
88486
88370
88377
88396
88409
88423
88433
88446
88451
88461
88464
88465
88280
88290
88304
88306
88318
88320
88349
88350
88355
88368
88502
88513
174692
174691
88556
88367
88415
88456
88481
88493
88528
88529
88539
88543
88554
88588
88614
88664
88673
88721
88732
88778
88796
88279
88326
88327
88330
88331
88341
157813
126023
126022
83105
83273
83093
83094
83099
83097
83098
83100
83096
82723
108891
67917
68004
115780
108446
108892
108893
106425
53953
53957
53946
53951
53955
53952
53958
53941
53938
53925
53935
53926
53917
53924
53936
53930
53927
53913
53923
53914
53940
53928
53931
53915
53939
53933
53888
53891
53905
53898
53897
53901
53907
53883
53908
53884
53900
53896
53904
53886
53909
53881
53903
53894
53882
53892
53874
53869
53866
53870
53852
53863
53878
53868
53880
53856
53872
53873
53860
53875
53876
53853
53864
53871
53857
53877
53825
53831
53841
53824
53836
53833
53834
53843
53827
53821
53829
53848
53844
53830
53838
53823
53832
53839
53849
53840
53822
53805
53817
53806
53818
53802
53792
53803
53809
53794
53811
53799
53812
53807
53800
53798
53810
53815
53804
53808
53789
53788
97043
100002
99989
99977
69047
101771
100965
97039
97042
97060
85421
89390
89389
89388
89381
89375
91701
70123
70125
89379
85181
87780
87779
82331
85459
84527
84531
84533
84534
84535
84536
84900
84894
84893
84892
84891
84890
84888
84300
81025
79274
84299
80352
48758
82363
79276
78344
48756
78458
48755
78345
78342
78339
78336
78334
78332
48757
78166
74918
67242
74387
74384
74385
74386
74442
58516
74443
74379
74381
74383
74378
74382
